0.9412831664085388
0.8928709626197815
0.6501649618148804
0.6098114848136902
0.745660662651062
0.7138696908950806
0.7088876366615295
0.7207962274551392
0.6809004545211792
0.6998497247695923
0.6713436841964722
0.6385684609413147
0.7296858429908752
0.7225390672683716
0.6976947784423828
0.6626479029655457
0.6949816346168518
0.6486493349075317
0.683813750743866
0.6863200068473816
0.6864719390869141
0.6915394067764282
0.6832391023635864
0.6604348421096802
0.6756405234336853
0.6608849167823792
0.6272298097610474
0.6175174713134766
0.6097365021705627
0.6265387535095215
0.7136304378509521
0.6390262246131897
0.6182986497879028
0.7324302196502686
0.7065547704696655
0.6106082797050476
0.6724428534507751
0.7139571309089661
0.6575992107391357
0.648846447467804
0.5995355844497681
0.7699679732322693
0.7102890610694885
0.6305345296859741
0.7071973085403442
0.6091441512107849
0.653679370880127
0.5695331692695618
0.6286440491676331
0.5750507712364197
0.7139154672622681
0.7747658491134644
0.6925859451293945
0.5976783633232117
0.6027885675430298
0.6205639839172363
0.5426181554794312
0.6728343367576599
0.6364993453025818
0.7306827306747437
0.5880712866783142
0.5855062007904053
0.535808265209198
0.606329083442688
0.6464360356330872
0.5376002192497253
0.5199840664863586
0.6202129125595093
0.5774931311607361
0.6468729972839355
0.5147407650947571
0.5192966461181641
0.6674282550811768
0.6032190322875977
0.4981943964958191
0.5926883816719055
0.7712267637252808
0.6982923746109009
0.5981466174125671
0.48929688334465027
0.7134333252906799
0.5702593326568604
0.5487459301948547
0.6215627789497375
0.603926956653595
0.5855411887168884
0.5740663409233093
0.612739622592926
0.4555792808532715
0.6029929518699646
0.689075231552124
0.5350877046585083
0.4596966803073883
0.5075939893722534
0.4809776544570923
0.47761812806129456
0.6608194708824158
0.5412501096725464
0.6520832180976868
0.5425994396209717
0.5713728666305542
0.46682503819465637
0.5813004970550537
0.6423336267471313
0.4900550842285156
0.4314579367637634
0.6592696309089661
0.5591176748275757
0.6478778719902039
0.5144051313400269
0.5289578437805176
0.6047561168670654
0.6899362206459045
0.4541500210762024
0.5748172402381897
0.6114888191223145
0.6648432016372681
