0.9412831664085388
0.8928709030151367
0.6499286890029907
0.6082603931427002
0.748154878616333
0.7163248062133789
0.7121798992156982
0.7204083800315857
0.6837248206138611
0.7025787830352783
0.6743227243423462
0.6346275806427002
0.7356265187263489
0.7202007174491882
0.6969020366668701
0.6632838249206543
0.7012201547622681
0.6528067588806152
0.6856710314750671
0.6888302564620972
0.6908310055732727
0.6993992924690247
0.6756141185760498
0.6687538027763367
0.6765526533126831
0.6721910834312439
0.6468062400817871
0.6363000273704529
0.6307457685470581
0.6405341625213623
0.7167795300483704
0.6874583959579468
0.6785903573036194
0.7177388668060303
0.7194637656211853
0.6533252596855164
0.6592704653739929
0.7123329639434814
0.641802191734314
