0.8975075483322144
0.7918105125427246
0.7254050374031067
0.6007111072540283
0.6703119277954102
0.6473931670188904
0.6781067252159119
0.7599356770515442
0.7423765063285828
0.6734235882759094
0.6848980188369751
0.7257486581802368
0.6965237259864807
0.6878865361213684
0.7277581691741943
0.653607189655304
0.6609024405479431
0.7027536630630493
0.6856145262718201
0.6720173358917236
0.6627943515777588
0.6616086959838867
0.6496741771697998
0.6626296043395996
0.6911131143569946
0.6635834574699402
0.704948902130127
0.7491823434829712
0.7122250199317932
0.6227536797523499
0.6971079707145691
0.6551432609558105
0.6806766390800476
0.7302552461624146
0.7273245453834534
0.6170487999916077
0.6918492317199707
0.6906418800354004
0.7289508581161499
0.6880204677581787
0.6192686557769775
0.634417712688446
0.6406949162483215
0.6013926863670349
0.6808599829673767
0.7005113363265991
0.5735622644424438
0.6574144959449768
0.7046399712562561
0.6556181311607361
0.6808627843856812
0.5554851293563843
0.6152700185775757
0.6383519172668457
0.6268426775932312
0.6224437952041626
0.6208003163337708
0.604373574256897
0.6265432238578796
0.6044753789901733
0.586176872253418
0.5977099537849426
0.6278361678123474
0.5978468656539917
0.6248178482055664
0.8046504855155945
0.7006320357322693
0.7121749520301819
0.5068663358688354
0.5568637251853943
0.7455881237983704
0.5680791735649109
0.6955111026763916
0.6612099409103394
0.5739161372184753
0.611118495464325
0.6162328124046326
0.737179160118103
0.6765953302383423
0.53223717212677
0.5409401059150696
0.5886726975440979
0.4238589406013489
0.5774343013763428
0.7211135625839233
0.4085105061531067
0.6221462488174438
0.6382648348808289
0.5460646152496338
0.5514180660247803
0.4343363642692566
0.5949020981788635
0.6068324446678162
0.5708335041999817
0.5440403819084167
0.547133207321167
0.5145678520202637
0.5562993884086609
0.6331866979598999
0.45476603507995605
0.45935720205307007
0.5194054841995239
0.45889800786972046
0.605993390083313
0.7714048027992249
0.6274577975273132
0.6245616674423218
0.4134666919708252
0.4820483326911926
0.7611181139945984
0.42300018668174744
0.7328650951385498
0.46890532970428467
0.3775346875190735
0.7253506183624268
0.5334092378616333
0.7192028760910034
