0.8975075483322144
0.7918104529380798
0.7261569499969482
0.6006006002426147
0.671589732170105
0.649652361869812
0.6816577315330505
0.7670220732688904
0.7426831722259521
0.6736164689064026
0.686462938785553
0.7301201820373535
0.6975118517875671
0.6921250820159912
0.7272281646728516
0.6534180641174316
0.6618312001228333
0.7106462717056274
0.6821306943893433
0.6719107031822205
0.6581270098686218
0.6778276562690735
0.6345016360282898
0.6647440791130066
0.6870583891868591
0.6760924458503723
0.7045295834541321
0.7360820174217224
0.7226953506469727
0.6581080555915833
0.716998279094696
0.6600023508071899
0.6641342043876648
0.7266455292701721
0.709388792514801
0.6652268171310425
0.668161928653717
0.6897828578948975
0.7069810628890991
