0.9055360555648804
0.6797139048576355
0.708095371723175
0.6423326730728149
0.7049779891967773
0.772208034992218
0.6514471769332886
0.753368616104126
0.6494815945625305
0.7111398577690125
0.6626526117324829
0.6176695227622986
0.6936291456222534
0.6912780404090881
0.64992356300354
0.6770287752151489
0.6532629728317261
0.6960112452507019
0.689049482345581
0.6684138178825378
0.6933016180992126
0.7328425645828247
0.6074128746986389
0.6820170283317566
0.6652198433876038
0.6681270003318787
0.6962952613830566
0.7241201996803284
0.6558852791786194
0.6772196292877197
0.6552650928497314
0.6297079920768738
0.6977099776268005
0.7070480585098267
0.7110990285873413
0.6592732071876526
0.6608155965805054
0.692380428314209
0.8081623315811157
0.6790552735328674
0.6488677859306335
0.7051618099212646
0.7073211669921875
0.6655701398849487
0.6647934913635254
0.6515821218490601
0.6398699283599854
0.639432966709137
0.5936372876167297
0.5145995616912842
0.6855510473251343
0.6233229041099548
0.5314657688140869
0.6715620160102844
0.6088762879371643
0.7459369897842407
0.5922465920448303
0.5849332213401794
0.635765016078949
0.70684415102005
0.6407902240753174
0.5204706788063049
0.5747314691543579
0.6137531399726868
0.6780197024345398
0.6754972338676453
0.6758240461349487
0.5823235511779785
0.5962054133415222
0.6501498818397522
0.5141399502754211
0.603446900844574
0.6906567811965942
0.6017998456954956
0.6402515769004822
0.5587916374206543
0.6332430243492126
0.7001818418502808
0.6511009931564331
0.48429548740386963
0.5006556510925293
0.516695499420166
0.5197111964225769
0.6403735280036926
0.5169355869293213
0.5657162666320801
0.5181397199630737
0.4729403853416443
0.4082087576389313
0.4403413236141205
0.5944857597351074
0.45401716232299805
0.5241094827651978
0.5583401918411255
0.7764142751693726
0.5853453874588013
0.5181888341903687
0.5787193775177002
0.5368049144744873
0.5436845421791077
0.4190728962421417
0.46937084197998047
0.5177522897720337
0.51939857006073
0.635373055934906
0.6898559927940369
0.5572180151939392
0.5210225582122803
0.6507622599601746
0.4782164394855499
0.5534758567810059
0.649076521396637
0.559947669506073
0.6240214705467224
0.36099863052368164
0.5587107539176941
0.6679490208625793
