0.9055360555648804
0.6797138452529907
0.707649827003479
0.6400178074836731
0.7028260231018066
0.7736438512802124
0.6513296961784363
0.751022219657898
0.6548187732696533
0.707629382610321
0.6588904857635498
0.6145504713058472
0.6967119574546814
0.6983460783958435
0.6441795825958252
0.6789698600769043
0.6519253849983215
0.7012290954589844
0.6910011768341064
0.6754284501075745
0.6873686909675598
0.7326023578643799
0.6204069256782532
0.6833939552307129
0.6525702476501465
0.6798869371414185
0.7147307991981506
0.7235207557678223
0.6681505441665649
0.6975266933441162
0.6580085754394531
0.6505769491195679
0.6886756420135498
0.6778712272644043
0.707435667514801
0.6593214273452759
0.681056022644043
0.6950232982635498
0.7639907002449036
