0.6244419813156128
0.6271342039108276
0.7322129607200623
0.7511418461799622
0.7694902420043945
0.783444881439209
0.6780741214752197
0.7233250737190247
0.6997118592262268
0.7072210311889648
0.7343503832817078
0.7350192666053772
0.6939187049865723
0.6860823631286621
0.6898432374000549
0.723601222038269
0.684257984161377
0.6943244338035583
0.6772504448890686
0.6519889235496521
0.6601523756980896
0.6335468292236328
0.7041376829147339
0.6669753193855286
0.6518632173538208
0.73835289478302
0.6843059062957764
0.6357876062393188
0.7127386927604675
0.5820356011390686
0.6695044636726379
0.6043025851249695
0.6703395247459412
0.5800332427024841
0.6717673540115356
0.6010152697563171
0.6335892081260681
0.6244966983795166
0.6923684477806091
0.6476088166236877
0.6640740633010864
0.6625593304634094
0.6340077519416809
0.6903684735298157
0.6597916483879089
0.6709224581718445
0.6237267851829529
0.6179109215736389
0.6170196533203125
0.6581277251243591
0.5986686944961548
0.6627009510993958
0.7033035159111023
0.6715199947357178
0.6424397230148315
0.5726253390312195
0.6041370630264282
0.6589710712432861
0.5444348454475403
0.6134845018386841
0.6590628027915955
0.5967081785202026
0.5715999007225037
0.5119562745094299
0.7136678099632263
0.6777543425559998
0.5114439129829407
0.7036229372024536
0.47215524315834045
0.6675289869308472
0.48529481887817383
0.5044389963150024
0.570869505405426
0.5222022533416748
0.5279016494750977
0.5812131762504578
0.5650972723960876
0.6703519225120544
0.6139878034591675
0.5293586850166321
0.5495203137397766
0.5212374925613403
0.5588072538375854
0.5753154158592224
0.5677093863487244
0.5644662380218506
0.5181381702423096
0.6365554928779602
0.6858229041099548
0.5491923093795776
0.5114904642105103
0.5929752588272095
0.6230133175849915
0.6210218667984009
0.5091948509216309
0.5276833772659302
0.5801668763160706
0.46967020630836487
0.5719005465507507
0.6378809809684753
0.37719374895095825
0.48034054040908813
0.4844142496585846
0.7309045195579529
0.5587470531463623
0.3874055743217468
0.643929660320282
0.3878967761993408
0.5190929770469666
0.3600171208381653
0.44976505637168884
0.4059799015522003
0.4525842070579529
0.4777962565422058
0.4631805419921875
0.5111722350120544
0.5789564251899719
