0.6244417428970337
0.6271340847015381
0.733111560344696
0.7530366778373718
0.7701762318611145
0.7852979302406311
0.6773862242698669
0.7240060567855835
0.6956484317779541
0.7058277130126953
0.7347922921180725
0.7404108047485352
0.6911787390708923
0.6838894486427307
0.6942995190620422
0.7235355377197266
0.6867842674255371
0.7014889121055603
0.6868187785148621
0.6634982228279114
0.6566498279571533
0.6318872570991516
0.7325891852378845
0.6637825965881348
0.6736939549446106
0.7446627616882324
0.7009884715080261
0.6627844572067261
0.7231648564338684
0.613483726978302
0.6876940131187439
0.6324418783187866
0.6902806758880615
0.607038676738739
0.6718780994415283
0.6596216559410095
0.6989960670471191
0.6583592295646667
0.6860822439193726
