0.9412831664085388
0.8928709030151367
0.6501648426055908
0.6098116040229797
0.745660662651062
0.713869571685791
0.7088876962661743
0.7207963466644287
0.680900514125824
0.6998498439788818
0.6713435649871826
0.6385685205459595
0.72968590259552
0.722538948059082
0.6976947784423828
0.6626477837562561
0.6949816942214966
0.6486494541168213
0.683813750743866
0.6863200664520264
0.6864719390869141
0.6915392875671387
0.6832390427589417
0.6604349613189697
0.6756405234336853
0.6608848571777344
0.6272298097610474
0.6175176501274109
0.6097366213798523
0.626538872718811
0.7136302590370178
0.6390262842178345
0.6182987689971924
0.7324301600456238
0.7065547704696655
0.6106084585189819
0.6724428534507751
0.7139571309089661
0.6575990915298462
0.6282607913017273
0.6907647848129272
0.7359379529953003
0.6631337404251099
0.5752012729644775
0.6621105670928955
0.5989246368408203
0.6530427932739258
0.5423211455345154
0.6170196533203125
0.677344024181366
0.5671511292457581
0.6175066828727722
0.6395692825317383
0.6423034071922302
0.6192144155502319
0.5975644588470459
0.5099441409111023
0.6889661550521851
0.6711395978927612
0.5591593980789185
0.47771793603897095
0.6565240025520325
0.5968163013458252
0.5758480429649353
0.6413726806640625
0.5783053636550903
0.6058517098426819
0.721946120262146
0.6768922805786133
0.6490738391876221
0.6510393023490906
0.6131269335746765
0.6525455117225647
0.5061236619949341
0.689893364906311
0.5815214514732361
0.44108378887176514
0.6195145845413208
0.5340083837509155
0.6012284159660339
0.5779797434806824
0.5193857550621033
0.463331401348114
0.5340728163719177
0.5464707612991333
0.667826235294342
0.4509879946708679
0.5378763675689697
0.5110893249511719
0.8134406208992004
0.7363584637641907
0.49111858010292053
0.5065643191337585
0.5995839834213257
0.561506450176239
0.4817031919956207
0.4896085560321808
0.5479687452316284
0.4920217990875244
0.4721187353134155
0.7041596174240112
0.485341876745224
0.3806701898574829
0.4981813430786133
0.6545935869216919
0.44956260919570923
0.676578164100647
0.6503369212150574
0.3219985067844391
0.3874571621417999
0.4855310618877411
0.34686025977134705
0.6160020232200623
0.36576899886131287
0.4756774306297302
0.756778359413147
0.528265118598938
