0.9412831664085388
0.8928707242012024
0.6499288082122803
0.6082603931427002
0.7481548190116882
0.7163246870040894
0.7121798992156982
0.7204082608222961
0.6837247014045715
0.702578604221344
0.6743226647377014
0.6346276998519897
0.735626757144928
0.720200777053833
0.6969021558761597
0.6632838249206543
0.7012202143669128
0.6528067588806152
0.6856710314750671
0.6888301968574524
0.6908310055732727
0.6993993520736694
0.6756141185760498
0.668753981590271
0.6765525937080383
0.6721911430358887
0.6468064188957214
0.6363000869750977
0.6307458877563477
0.6405342817306519
0.7167795300483704
0.6874587535858154
0.6785904765129089
0.7177386283874512
0.7194638252258301
0.6533254384994507
0.6592703461647034
0.7123327851295471
0.6418021321296692
