0.8975075483322144
0.7918106317520142
0.7254050970077515
0.6007111072540283
0.6703119277954102
0.6473932266235352
0.6781067252159119
0.7599358558654785
0.7423766255378723
0.6734235882759094
0.6848980188369751
0.725748598575592
0.6965237259864807
0.6878865957260132
0.7277582883834839
0.6536071300506592
0.660902738571167
0.7027537226676941
0.6856144070625305
0.6720172166824341
0.6627942323684692
0.6616089344024658
0.6496739387512207
0.6626295447349548
0.6911130547523499
0.663583517074585
0.7049488425254822
0.7491822242736816
0.712225079536438
0.6227539777755737
0.6971079707145691
0.6551430821418762
0.6806768178939819
0.7302551865577698
0.7273244857788086
0.617048978805542
0.6918491721153259
0.6906418800354004
0.7289509177207947
0.6495103240013123
0.6081411242485046
0.6473858952522278
0.5894547700881958
0.6217010021209717
0.663622260093689
0.5725013613700867
0.5984766483306885
0.6318390965461731
0.5785097479820251
0.661702036857605
0.6042584776878357
0.5951229929924011
0.6480268836021423
0.5477999448776245
0.6477140188217163
0.5464511513710022
0.586929202079773
0.6241586804389954
0.532692551612854
0.6005489230155945
0.4637865722179413
0.7150435447692871
0.662935197353363
0.6284254789352417
0.5152944326400757
0.6742609739303589
0.5882543921470642
0.5902348756790161
0.6365874409675598
0.6062942743301392
0.7236763834953308
0.5265324115753174
0.5952925086021423
0.6298461556434631
0.6705276966094971
0.6155729293823242
0.6348695755004883
0.6010916233062744
0.5251203775405884
0.6354339718818665
0.5315900444984436
0.567017138004303
0.49359458684921265
0.5534835457801819
0.45224952697753906
0.5364593267440796
0.6535865664482117
0.6484891772270203
0.5234768390655518
0.6220133304595947
0.508164644241333
0.4437417984008789
0.5614597797393799
0.4679604470729828
0.6042678356170654
0.4477548599243164
0.6942708492279053
0.6114761233329773
0.6088814735412598
0.4648815393447876
0.6399880647659302
0.3834494352340698
0.5655539631843567
0.5120481252670288
0.5545731782913208
0.7044946551322937
0.5469379425048828
0.4328421354293823
0.5038893818855286
0.3462558388710022
0.5263239741325378
0.48940616846084595
0.4572753310203552
0.5645250678062439
0.4924643635749817
0.5512811541557312
0.4832824170589447
