0.8975073099136353
0.7918105721473694
0.7261567711830139
0.6006006598472595
0.6715896725654602
0.6496522426605225
0.6816579103469849
0.7670221328735352
0.7426830530166626
0.6736164093017578
0.6864629983901978
0.730120062828064
0.6975119709968567
0.6921252012252808
0.7272282838821411
0.6534180641174316
0.6618313193321228
0.7106462717056274
0.6821308135986328
0.6719107031822205
0.6581270098686218
0.677827775478363
0.6345015168190002
0.6647440791130066
0.6870583295822144
0.6760927438735962
0.7045295238494873
0.7360818982124329
0.7226952910423279
0.6581081748008728
0.7169985175132751
0.6600024700164795
0.66413414478302
0.7266454696655273
0.7093886733055115
0.6652271747589111
0.668161928653717
0.6897827386856079
0.7069810032844543
