0.9055360555648804
0.6797139048576355
0.7080954313278198
0.6423325538635254
0.7049779891967773
0.7722079753875732
0.6514473557472229
0.7533685564994812
0.649481475353241
0.7111398577690125
0.6626524925231934
0.6176695227622986
0.6936291456222534
0.6912781596183777
0.64992356300354
0.6770288944244385
0.6532629728317261
0.6960114240646362
0.6890496015548706
0.6684139966964722
0.693301796913147
0.7328426837921143
0.6074129343032837
0.6820169687271118
0.6652199029922485
0.6681270599365234
0.696295440196991
0.7241203784942627
0.6558853983879089
0.6772196888923645
0.6552652716636658
0.6297081112861633
0.6977097988128662
0.7070480585098267
0.7110989689826965
0.6592731475830078
0.6608155369758606
0.6923803687095642
0.8081623315811157
0.6608235836029053
0.7310194373130798
0.651339054107666
0.5463595986366272
0.6372841596603394
0.6448479294776917
0.6495854258537292
0.5989152193069458
0.5316184759140015
0.590964138507843
0.607459545135498
0.6169629693031311
0.5664613842964172
0.6069018244743347
0.6427026391029358
0.5063379406929016
0.5019363164901733
0.7506871819496155
0.512859582901001
0.7067185044288635
0.524548351764679
0.5294734835624695
0.6526992321014404
0.6225422024726868
0.5346017479896545
0.7234298586845398
0.5956640243530273
0.5003385543823242
0.5092827081680298
0.5570774078369141
0.5860733389854431
0.6704994440078735
0.6863550543785095
0.773710310459137
0.8468071222305298
0.785633385181427
0.62017822265625
0.594123125076294
0.6526902318000793
0.5327379107475281
0.5913772583007812
0.6251780390739441
0.6843569874763489
0.4828621745109558
0.5567918419837952
0.5483342409133911
0.5093687176704407
0.3818494379520416
0.5316905975341797
0.5639990568161011
0.49591100215911865
0.5498760342597961
0.5208687782287598
0.6070060133934021
0.6967146396636963
0.4910428524017334
0.5488904118537903
0.694654107093811
0.3920169472694397
0.4683043658733368
0.6257506608963013
0.47641992568969727
0.4855666160583496
0.6015341877937317
0.5574322938919067
0.46777912974357605
0.41105931997299194
0.5614614486694336
0.4961805045604706
0.5880534052848816
0.4815842807292938
0.456763356924057
0.42966604232788086
0.5448400974273682
0.5573025941848755
0.6088523268699646
0.6538021564483643
0.5321608185768127
