0.9055360555648804
0.6797138452529907
0.7076500058174133
0.6400179862976074
0.7028261423110962
0.7736439108848572
0.6513295769691467
0.7510223388671875
0.6548187732696533
0.707629382610321
0.6588905453681946
0.6145506501197815
0.6967117786407471
0.6983460783958435
0.6441797018051147
0.6789698600769043
0.651925265789032
0.7012290358543396
0.691001296043396
0.6754286289215088
0.6873686909675598
0.7326023578643799
0.6204070448875427
0.6833938956260681
0.6525703072547913
0.6798869371414185
0.714730978012085
0.723520815372467
0.6681506633758545
0.6975266933441162
0.6580086946487427
0.6505771279335022
0.6886755228042603
0.6778712272644043
0.7074357867240906
0.6593213677406311
0.6810561418533325
0.6950232982635498
0.763990581035614
