0.6244417428970337
0.6271342635154724
0.7322129607200623
0.7511417865753174
0.7694901823997498
0.783444881439209
0.6780738830566406
0.7233251333236694
0.699711799621582
0.7072209119796753
0.734350323677063
0.7350192070007324
0.6939187049865723
0.6860823035240173
0.6898432970046997
0.723601222038269
0.6842580437660217
0.6943245530128479
0.6772505640983582
0.6519891023635864
0.6601523756980896
0.6335468292236328
0.7041378021240234
0.666975200176239
0.6518634557723999
0.7383530139923096
0.6843059659004211
0.6357876658439636
0.7127387523651123
0.5820359587669373
0.6695046424865723
0.604302704334259
0.6703395843505859
0.5800334215164185
0.6717674136161804
0.6010154485702515
0.6335892677307129
0.6244969367980957
0.6923683285713196
0.696284830570221
0.6754401922225952
0.5827310085296631
0.5605782270431519
0.5916182994842529
0.6270663738250732
0.7569484710693359
0.6600378751754761
0.545566976070404
0.5363696813583374
0.6604471802711487
0.6418346166610718
0.5400484800338745
0.5303794741630554
0.6499153971672058
0.6056577563285828
0.5793499946594238
0.5015708804130554
0.6450148820877075
0.7546084523200989
0.5935830473899841
0.5859833359718323
0.684316873550415
0.4259450137615204
0.6210911273956299
0.6054186224937439
0.5635035037994385
0.5000898838043213
0.4719705283641815
0.5921616554260254
0.48113614320755005
0.593866229057312
0.7101825475692749
0.6511589884757996
0.6156839728355408
0.6560653448104858
0.5421338677406311
0.4748929440975189
0.5494354963302612
0.4973279535770416
0.5707144737243652
0.6098628044128418
0.501670777797699
0.4807492196559906
0.5711817145347595
0.4616062045097351
0.6162200570106506
0.43348532915115356
0.4532858431339264
0.5091634392738342
0.4091934561729431
0.5910146236419678
0.5419868230819702
0.6348918676376343
0.5715707540512085
0.5366560220718384
0.5113677978515625
0.46986666321754456
0.506183922290802
0.5306809544563293
0.42377933859825134
0.4138333201408386
0.5746402144432068
0.5866886377334595
0.48671841621398926
0.5495551824569702
0.4889473021030426
0.42579570412635803
0.372671514749527
0.710050106048584
0.46244558691978455
0.5616443157196045
0.5062911510467529
0.5121037364006042
0.4085964262485504
0.5153292417526245
0.5327625274658203
0.6261111497879028
