0.6244417428970337
0.6271343231201172
0.7331115007400513
0.7530367374420166
0.7701762914657593
0.7852978706359863
0.6773860454559326
0.7240060567855835
0.6956485509872437
0.7058278322219849
0.734792172908783
0.7404106855392456
0.6911787390708923
0.6838895678520203
0.6942994594573975
0.7235353589057922
0.6867842674255371
0.7014891505241394
0.6868186593055725
0.6634983420372009
0.6566497683525085
0.6318872570991516
0.7325893044471741
0.6637826561927795
0.6736942529678345
0.7446627616882324
0.7009888291358948
0.6627846956253052
0.7231647372245789
0.6134839057922363
0.6876941323280334
0.6324419379234314
0.6902809143066406
0.6070389151573181
0.6718780994415283
0.6596217751502991
0.6989961862564087
0.6583593487739563
0.686082124710083
