0.9412831664085388
0.8928709626197815
0.6501649618148804
0.6098116040229797
0.745660662651062
0.7138696908950806
0.7088875770568848
0.7207961082458496
0.6809002757072449
0.6998496055603027
0.6713437438011169
0.6385685205459595
0.7296857833862305
0.7225390076637268
0.6976947784423828
0.6626478433609009
0.6949816942214966
0.6486493349075317
0.683813750743866
0.6863200068473816
0.6864719390869141
0.6915391683578491
0.6832389831542969
0.660434901714325
0.6756405830383301
0.6608849167823792
0.6272298097610474
0.6175175309181213
0.6097365021705627
0.6265388131141663
0.7136304378509521
0.6390262842178345
0.6182986497879028
0.7324302792549133
0.7065548896789551
0.6106082797050476
0.6724426746368408
0.7139571309089661
0.6575992107391357
0.628260612487793
0.6907647252082825
0.7359381318092346
0.6631337404251099
0.5752015113830566
0.6621105670928955
0.5989247560501099
0.6530425548553467
0.5423210859298706
0.6170193552970886
0.6773439049720764
0.5671511292457581
0.6175066232681274
0.6395692825317383
0.642302930355072
0.6192139983177185
0.597564160823822
0.5099435448646545
0.6889659762382507
0.6711392402648926
0.559158980846405
0.47771841287612915
0.6565251350402832
0.5968154072761536
0.5758468508720398
0.6413724422454834
0.5783026218414307
0.6058516502380371
0.7219442129135132
0.6768919229507446
0.6490738391876221
0.651038646697998
0.6131259799003601
0.6525445580482483
0.5061163902282715
0.689893364906311
0.5815213918685913
0.4410842955112457
0.6195154786109924
0.5340078473091125
0.6012299656867981
0.5779792666435242
0.5193859338760376
0.46333223581314087
0.5340726375579834
0.5464715957641602
0.6678272485733032
0.45098772644996643
0.537880003452301
0.5110884308815002
0.8134394288063049
0.7363554835319519
0.4911162853240967
0.5065626502037048
0.599580705165863
0.5615052580833435
0.48170235753059387
0.4896109104156494
0.5479655861854553
0.4920218884944916
0.4721146821975708
0.7041600942611694
0.48533862829208374
0.3806711435317993
0.49818289279937744
0.6545944213867188
0.44955992698669434
0.6765761375427246
0.6503372192382812
0.321999728679657
0.38745784759521484
0.48553189635276794
0.3468649387359619
0.6160023808479309
0.3657706379890442
0.4756758511066437
0.7567774653434753
0.528266191482544
