0.9412831664085388
0.8928707838058472
0.649928867816925
0.6082605719566345
0.7481546998023987
0.716324508190155
0.7121797204017639
0.7204081416130066
0.6837246417999268
0.702578604221344
0.6743227243423462
0.634627640247345
0.7356265783309937
0.7202007174491882
0.6969020962715149
0.6632838249206543
0.7012200951576233
0.6528066396713257
0.6856710910797119
0.6888301372528076
0.6908308863639832
0.6993992924690247
0.6756141781806946
0.6687538027763367
0.6765526533126831
0.6721910834312439
0.6468062996864319
0.6362999677658081
0.6307457089424133
0.6405341625213623
0.7167795300483704
0.6874586343765259
0.6785904169082642
0.7177387475967407
0.7194636464118958
0.653325080871582
0.6592705249786377
0.7123330235481262
0.6418022513389587
