0.8975075483322144
0.7918104529380798
0.7254050970077515
0.6007112264633179
0.6703119277954102
0.6473933458328247
0.6781066656112671
0.7599355578422546
0.742376446723938
0.6734236478805542
0.6848979592323303
0.725748598575592
0.6965237855911255
0.6878864765167236
0.7277581691741943
0.6536072492599487
0.6609026193618774
0.7027536630630493
0.6856144666671753
0.6720172762870789
0.6627944111824036
0.6616086363792419
0.6496740579605103
0.6626296043395996
0.6911130547523499
0.6635835766792297
0.704948902130127
0.749182403087616
0.712225079536438
0.6227537393569946
0.6971079707145691
0.6551432609558105
0.6806766390800476
0.730255126953125
0.727324366569519
0.6170487403869629
0.6918492913246155
0.6906418800354004
0.7289508581161499
0.6495103240013123
0.6081409454345703
0.6473855972290039
0.589454710483551
0.6217008829116821
0.6636217832565308
0.5725016593933105
0.5984767079353333
0.631839394569397
0.5785096883773804
0.6617019772529602
0.6042585372924805
0.5951224565505981
0.6480268836021423
0.5478001832962036
0.6477139592170715
0.5464509129524231
0.586929202079773
0.6241588592529297
0.5326918959617615
0.6005503535270691
0.46378713846206665
0.7150444984436035
0.6629370450973511
0.628425657749176
0.5152945518493652
0.6742616295814514
0.5882534980773926
0.5902363657951355
0.6365862488746643
0.6062953472137451
0.7236757874488831
0.5265330672264099
0.5952927470207214
0.6298481822013855
0.6705289483070374
0.615571141242981
0.6348689794540405
0.60108882188797
0.5251187086105347
0.6354337930679321
0.5315877199172974
0.5670179724693298
0.4935954511165619
0.5534860491752625
0.45224887132644653
0.5364604592323303
0.6535857915878296
0.6484920978546143
0.5234769582748413
0.6220129728317261
0.5081648826599121
0.4437386095523834
0.5614594221115112
0.4679607152938843
0.6042693257331848
0.4477534890174866
0.6942723393440247
0.6114771962165833
0.6088815331459045
0.4648802578449249
0.6399869918823242
0.38344842195510864
0.5655527114868164
0.512047290802002
0.5545751452445984
0.7044974565505981
0.5469366312026978
0.4328403174877167
0.5038884282112122
0.34625470638275146
0.5263254046440125
0.4894070327281952
0.4572773575782776
0.5645227432250977
0.49246272444725037
0.5512800216674805
0.4832821786403656
