0.8975071907043457
0.7918105125427246
0.7261568903923035
0.6006006002426147
0.6715898513793945
0.6496523022651672
0.6816577911376953
0.7670221328735352
0.7426830530166626
0.6736165881156921
0.6864630579948425
0.730120062828064
0.6975117921829224
0.6921249628067017
0.7272283434867859
0.6534180641174316
0.6618311405181885
0.7106462121009827
0.682130753993988
0.6719107031822205
0.6581270694732666
0.677827775478363
0.6345016956329346
0.6647441387176514
0.6870584487915039
0.6760924458503723
0.7045295834541321
0.7360820174217224
0.7226953506469727
0.658108115196228
0.716998279094696
0.6600024700164795
0.66413414478302
0.7266455292701721
0.7093888521194458
0.6652268767356873
0.6681617498397827
0.6897827982902527
0.7069810032844543
