0.9055360555648804
0.6797138452529907
0.7080954909324646
0.6423326730728149
0.7049779295921326
0.7722078561782837
0.6514471769332886
0.7533685564994812
0.6494815945625305
0.7111398577690125
0.6626525521278381
0.6176695227622986
0.6936289668083191
0.6912780404090881
0.6499236822128296
0.6770287752151489
0.6532631516456604
0.6960113644599915
0.6890495419502258
0.6684138774871826
0.6933016777038574
0.7328426241874695
0.6074128150939941
0.6820170283317566
0.6652198433876038
0.6681270003318787
0.6962953209877014
0.7241200804710388
0.6558853387832642
0.677219569683075
0.655265212059021
0.6297082304954529
0.6977100372314453
0.7070480585098267
0.7110990881919861
0.659273087978363
0.6608155369758606
0.6923804879188538
0.80816251039505
0.6608235836029053
0.7310193181037903
0.6513388156890869
0.5463595986366272
0.6372841000556946
0.6448476314544678
0.6495856642723083
0.5989153385162354
0.5316182971000671
0.5909643173217773
0.6074596047401428
0.6169629693031311
0.5664610266685486
0.6069019436836243
0.6427027583122253
0.5063380599021912
0.5019364356994629
0.7506872415542603
0.5128597021102905
0.7067187428474426
0.5245484709739685
0.529473602771759
0.6526991724967957
0.622543454170227
0.5346014499664307
0.7234300971031189
0.5956644415855408
0.5003384351730347
0.5092822313308716
0.5570791363716125
0.58607417345047
0.6705001592636108
0.686353862285614
0.7737088203430176
0.8468051552772522
0.7856327891349792
0.6201778650283813
0.5941190123558044
0.6526885628700256
0.5327367186546326
0.5913757085800171
0.6251795887947083
0.6843544244766235
0.48286277055740356
0.5567930936813354
0.5483328104019165
0.509369969367981
0.3818483352661133
0.5316902995109558
0.5640003681182861
0.49591031670570374
0.5498772263526917
0.5208691954612732
0.6070060133934021
0.6967171430587769
0.4910430908203125
0.5488892197608948
0.6946578025817871
0.39201676845550537
0.46830296516418457
0.6257508397102356
0.47641879320144653
0.4855630099773407
0.6015339493751526
0.5574325919151306
0.46777814626693726
0.41105571389198303
0.5614591240882874
0.4961797595024109
0.5880539417266846
0.4815812110900879
0.4567597508430481
0.42966657876968384
0.5448415875434875
0.5573028922080994
0.608849048614502
0.6537975668907166
0.5321612358093262
