0.9055360555648804
0.6797136664390564
0.7076497673988342
0.6400180459022522
0.7028262615203857
0.7736439108848572
0.6513293981552124
0.751022219657898
0.6548189520835876
0.7076295018196106
0.6588905453681946
0.6145506501197815
0.6967117786407471
0.6983460187911987
0.6441797614097595
0.6789700388908386
0.6519250869750977
0.7012290358543396
0.6910011768341064
0.6754285097122192
0.6873688101768494
0.7326024174690247
0.6204069256782532
0.6833938360214233
0.6525701880455017
0.679887056350708
0.7147308588027954
0.7235207557678223
0.6681506037712097
0.697526752948761
0.6580086350440979
0.6505770087242126
0.6886754631996155
0.6778712272644043
0.7074356079101562
0.6593214869499207
0.6810560822486877
0.695023238658905
0.7639906406402588
