0.6244419813156128
0.6271341443061829
0.7322129607200623
0.7511419057846069
0.7694901823997498
0.783444881439209
0.678074061870575
0.723325252532959
0.6997118592262268
0.7072210907936096
0.7343504428863525
0.7350192070007324
0.6939187049865723
0.6860824227333069
0.6898432970046997
0.723601222038269
0.6842579245567322
0.6943244338035583
0.6772505044937134
0.6519890427589417
0.6601523756980896
0.6335468292236328
0.7041376829147339
0.6669753789901733
0.651863157749176
0.73835289478302
0.6843059062957764
0.6357877254486084
0.7127388119697571
0.5820357203483582
0.6695042848587036
0.6043024659156799
0.6703394651412964
0.5800332427024841
0.6717674136161804
0.6010153293609619
0.6335892677307129
0.6244967579841614
0.6923684477806091
0.6962848901748657
0.6754401922225952
0.5827308893203735
0.5605780482292175
0.5916182994842529
0.6270664930343628
0.7569488286972046
0.6600378155708313
0.5455669164657593
0.536369800567627
0.6604472398757935
0.6418347954750061
0.5400481224060059
0.5303795337677002
0.6499150395393372
0.6056579351425171
0.5793498754501343
0.5015707015991211
0.6450140476226807
0.7546086311340332
0.5935835242271423
0.585983395576477
0.6843169927597046
0.42594558000564575
0.6210913062095642
0.6054185032844543
0.5635035037994385
0.500088632106781
0.4719702899456024
0.592164158821106
0.48113614320755005
0.5938632488250732
0.7101832032203674
0.6511592864990234
0.6156837940216064
0.6560627818107605
0.5421326756477356
0.4748932421207428
0.5494353771209717
0.4973301589488983
0.5707129240036011
0.60986328125
0.5016717910766602
0.4807496666908264
0.5711793303489685
0.46160560846328735
0.6162197589874268
0.4334857761859894
0.45328405499458313
0.5091646313667297
0.4091930687427521
0.591015100479126
0.5419870615005493
0.6348903179168701
0.5715730786323547
0.5366562604904175
0.5113669037818909
0.4698677062988281
0.5061841607093811
0.5306764245033264
0.4237799346446991
0.4138314723968506
0.5746384263038635
0.5866888165473938
0.48671478033065796
0.5495535731315613
0.48894745111465454
0.42580097913742065
0.3726702928543091
0.7100496888160706
0.4624459743499756
0.5616440176963806
0.5062910318374634
0.5121006369590759
0.4085979163646698
0.5153283476829529
0.5327568650245667
0.6261121034622192
