0.6244417428970337
0.6271341443061829
0.733111560344696
0.7530364990234375
0.7701762914657593
0.7852978706359863
0.677386462688446
0.724005937576294
0.6956486701965332
0.7058278322219849
0.7347919940948486
0.7404108047485352
0.6911786794662476
0.6838895082473755
0.6942993998527527
0.7235354781150818
0.6867842674255371
0.7014887928962708
0.6868186593055725
0.6634981632232666
0.6566499471664429
0.6318871974945068
0.7325891852378845
0.66378253698349
0.6736940145492554
0.7446627616882324
0.7009886503219604
0.6627845168113708
0.7231647968292236
0.6134838461875916
0.6876941323280334
0.6324419379234314
0.6902807950973511
0.6070387363433838
0.6718782186508179
0.6596216559410095
0.6989961862564087
0.6583592891693115
0.6860822439193726
